42 226 0.355845928192 0.63503408432 
132 223 0.319030046463 0.354311943054 
185 229 0.319030046463 0.168698072433 
249 231 0.283748149872 -0.0169160366058 
280 183 0.283748149872 -0.161112070084 
280 183 0.273010015488 -0.288434028625 
316 237 0.190174102783 -0.289968013763 
302 225 0.124212026596 -0.280763864517 
306 204 0.0214340686798 -0.308376073837 
306 172 -0.0552659034729 -0.305307865143 
306 146 -0.116626024246 -0.302239894867 
303 104 -0.210200071335 -0.286900043488 
232 90 -0.210200071335 -0.12889790535 
264 35 -0.294569969177 -0.161112070084 
200 31 -0.294569969177 -0.0199840068817 
130 53 -0.294569969177 0.161028146744 
99 41 -0.342123985291 0.225455999374 
52 43 -0.342123985291 0.372720003128 
24 40 -0.360532045364 0.435614109039 
22 80 -0.299171924591 0.455556154251 
30 103 -0.224005937576 0.463226079941 
29 131 -0.124295949936 0.516916036606 
17 157 -0.0337898731232 0.553732156754 
21 181 0.0551819801331 0.553732156754 
23 206 0.14262008667 0.555266141891 
37 198 0.251533985138 0.607422113419 
37 223 0.345108032227 0.605888128281 
49 202 0.187106132507 0.503109931946 
94 174 0.104269981384 0.38499212265 
128 159 0.0352399349213 0.259204149246 
186 128 -0.0660040378571 0.0659201145172 
217 116 -0.105887889862 -0.0230519771576 
204 87 -0.182587862015 -0.00924587249756 
248 85 -0.20713186264 -0.115092039108 
259 84 -0.240880012512 -0.161112070084 
11 62 -0.28536605835 0.431012153625 
62 115 -0.179519891739 0.352777957916 
117 137 -0.0905480384827 0.243864059448 
162 171 -0.0230519771576 0.15029001236 
215 200 -0.0230519771576 0.00916194915771 
318 237 0.0674540996552 -0.108955860138 
300 234 0.0674540996552 -0.176451921463 
97 234 0.300621986389 0.219320058823 
94 144 0.0413761138916 0.279145956039 
192 158 0.0643861293793 -0.0230519771576 
230 200 0.130347967148 -0.125829935074 
231 131 -0.00464391708374 -0.12889790535 
219 105 -0.104353904724 -0.125829935074 
152 96 -0.104353904724 0.0735900402069 
126 135 -0.0184500217438 0.179435968399 
144 222 0.259204149246 0.159493923187 
106 218 0.25766992569 0.283748149872 
205 218 0.239262104034 -0.052197933197 
313 227 0.239262104034 -0.210200071335 
272 190 0.0383081436157 -0.187190055847 
112 153 0.0383081436157 0.233126163483 
102 109 -0.0660040378571 0.233126163483 
95 86 -0.150373935699 0.230057954788 
57 97 -0.150373935699 0.389594078064 
245 144 -0.101285934448 -0.219403982162 
